% filename: Ks - Sat Aug 27 13:36:35 2016

% type: matrix 
% rows: 24
% columns: 24
  9.657248355865e+003    0                    0                    0                  1.366592531204e+003 -1.366592531204e+003 -9.110611343384e+003    0                    0                    0                    0                    0                 -2.733185062408e+002    0                    0                    0                    0                 -1.366592531204e+003 -2.733185062408e+002    0                    0                    0                  1.366592531204e+003    0                
    0                  9.657248355865e+003    0                 -1.366592531204e+003    0                  1.366592531204e+003    0                 -2.733185062408e+002    0                    0                    0                  1.366592531204e+003    0                 -9.110611343384e+003    0                    0                    0                    0                    0                 -2.733185062408e+002    0                 -1.366592531204e+003    0                    0                
    0                    0                  9.657248355865e+003  1.366592531204e+003 -1.366592531204e+003    0                    0                    0                 -2.733185062408e+002    0                 -1.366592531204e+003    0                    0                    0                 -2.733185062408e+002  1.366592531204e+003    0                    0                    0                    0                 -9.110611343384e+003    0                    0                    0                
    0                 -1.366592531204e+003  1.366592531204e+003  2.002765368819e+004    0                    0                    0                    0                    0                 -1.806419938803e+003    0                    0                    0                    0                 -1.366592531204e+003  4.555308437347e+003    0                    0                    0                  1.366592531204e+003    0                  4.555308437347e+003    0                    0                
  1.366592531204e+003    0                 -1.366592531204e+003    0                  2.002765368819e+004    0                    0                    0                  1.366592531204e+003    0                  4.555308437347e+003    0                    0                    0                    0                    0                 -1.806419938803e+003    0                 -1.366592531204e+003    0                    0                    0                  4.555308437347e+003    0                
 -1.366592531204e+003  1.366592531204e+003    0                    0                    0                  2.002765368819e+004    0                 -1.366592531204e+003    0                    0                    0                  4.555308437347e+003  1.366592531204e+003    0                    0                    0                    0                  4.555308437347e+003    0                    0                    0                    0                    0                 -1.806419938803e+003
 -9.110611343384e+003    0                    0                    0                    0                    0                  1.564941908964e+004 -3.172771188534e+003 -3.172771188534e+003    0                  4.831634229667e+002 -4.831634229667e+002 -3.269403873128e+003  3.172771188534e+003    0                    0                    0                 -4.831634229667e+002 -3.269403873128e+003    0                  3.172771188534e+003    0                  4.831634229667e+002    0                
    0                 -2.733185062408e+002    0                    0                    0                 -1.366592531204e+003 -3.172771188534e+003  3.639355063962e+003    0                 -4.831634229667e+002    0                 -2.332919377138e+003  3.172771188534e+003 -3.269403873128e+003    0                    0                    0                 -4.831634229667e+002    0                 -9.663268459334e+001    0                 -4.831634229667e+002    0                 -4.831634229667e+002
    0                    0                 -2.733185062408e+002    0                  1.366592531204e+003    0                 -3.172771188534e+003    0                  3.639355063962e+003  4.831634229667e+002  2.332919377138e+003    0                    0                    0                 -9.663268459334e+001  4.831634229667e+002  4.831634229667e+002    0                  3.172771188534e+003    0                 -3.269403873128e+003    0                  4.831634229667e+002    0                
    0                    0                    0                 -1.806419938803e+003    0                    0                    0                 -4.831634229667e+002  4.831634229667e+002  9.525930700090e+003  2.582423592246e+003  2.582423592246e+003    0                    0                 -4.831634229667e+002  9.718788490233e+002  2.249210637421e+003    0                    0                  4.831634229667e+002    0                  9.718788490233e+002    0                  2.249210637421e+003
    0                    0                 -1.366592531204e+003    0                  4.555308437347e+003    0                  4.831634229667e+002    0                  2.332919377138e+003  2.582423592246e+003  1.941255122823e+004    0                    0                    0                 -4.831634229667e+002  2.249210637421e+003  9.718788490233e+002    0                 -4.831634229667e+002    0                 -4.831634229667e+002    0                  3.221089486445e+003    0                
    0                  1.366592531204e+003    0                    0                    0                  4.555308437347e+003 -4.831634229667e+002 -2.332919377138e+003    0                  2.582423592246e+003    0                  1.941255122823e+004  4.831634229667e+002  4.831634229667e+002    0                    0                    0                  3.221089486445e+003    0                  4.831634229667e+002    0                  2.249210637421e+003    0                  9.718788490233e+002
 -2.733185062408e+002    0                    0                    0                    0                  1.366592531204e+003 -3.269403873128e+003  3.172771188534e+003    0                    0                    0                  4.831634229667e+002  3.639355063962e+003 -3.172771188534e+003    0                    0                  4.831634229667e+002  2.332919377138e+003 -9.663268459334e+001    0                    0                    0                  4.831634229667e+002  4.831634229667e+002
    0                 -9.110611343384e+003    0                    0                    0                    0                  3.172771188534e+003 -3.269403873128e+003    0                    0                    0                  4.831634229667e+002 -3.172771188534e+003  1.564941908964e+004 -3.172771188534e+003 -4.831634229667e+002    0                  4.831634229667e+002    0                 -3.269403873128e+003  3.172771188534e+003 -4.831634229667e+002    0                    0                
    0                    0                 -2.733185062408e+002 -1.366592531204e+003    0                    0                    0                    0                 -9.663268459334e+001 -4.831634229667e+002 -4.831634229667e+002    0                    0                 -3.172771188534e+003  3.639355063962e+003 -2.332919377138e+003 -4.831634229667e+002    0                    0                  3.172771188534e+003 -3.269403873128e+003 -4.831634229667e+002    0                    0                
    0                    0                  1.366592531204e+003  4.555308437347e+003    0                    0                    0                    0                  4.831634229667e+002  9.718788490233e+002  2.249210637421e+003    0                    0                 -4.831634229667e+002 -2.332919377138e+003  1.941255122823e+004  2.582423592246e+003    0                    0                  4.831634229667e+002  4.831634229667e+002  3.221089486445e+003    0                    0                
    0                    0                    0                    0                 -1.806419938803e+003    0                    0                    0                  4.831634229667e+002  2.249210637421e+003  9.718788490233e+002    0                  4.831634229667e+002    0                 -4.831634229667e+002  2.582423592246e+003  9.525930700090e+003  2.582423592246e+003 -4.831634229667e+002    0                    0                    0                  9.718788490233e+002  2.249210637421e+003
 -1.366592531204e+003    0                    0                    0                    0                  4.555308437347e+003 -4.831634229667e+002 -4.831634229667e+002    0                    0                    0                  3.221089486445e+003  2.332919377138e+003  4.831634229667e+002    0                    0                  2.582423592246e+003  1.941255122823e+004 -4.831634229667e+002    0                    0                    0                  2.249210637421e+003  9.718788490233e+002
 -2.733185062408e+002    0                    0                    0                 -1.366592531204e+003    0                 -3.269403873128e+003    0                  3.172771188534e+003    0                 -4.831634229667e+002    0                 -9.663268459334e+001    0                    0                    0                 -4.831634229667e+002 -4.831634229667e+002  3.639355063962e+003    0                 -3.172771188534e+003    0                 -2.332919377138e+003 -4.831634229667e+002
    0                 -2.733185062408e+002    0                  1.366592531204e+003    0                    0                    0                 -9.663268459334e+001    0                  4.831634229667e+002    0                  4.831634229667e+002    0                 -3.269403873128e+003  3.172771188534e+003  4.831634229667e+002    0                    0                    0                  3.639355063962e+003 -3.172771188534e+003  2.332919377138e+003    0                  4.831634229667e+002
    0                    0                 -9.110611343384e+003    0                    0                    0                  3.172771188534e+003    0                 -3.269403873128e+003    0                 -4.831634229667e+002    0                    0                  3.172771188534e+003 -3.269403873128e+003  4.831634229667e+002    0                    0                 -3.172771188534e+003 -3.172771188534e+003  1.564941908964e+004  4.831634229667e+002 -4.831634229667e+002    0                
    0                 -1.366592531204e+003    0                  4.555308437347e+003    0                    0                    0                 -4.831634229667e+002    0                  9.718788490233e+002    0                  2.249210637421e+003    0                 -4.831634229667e+002 -4.831634229667e+002  3.221089486445e+003    0                    0                    0                  2.332919377138e+003  4.831634229667e+002  1.941255122823e+004    0                  2.582423592246e+003
  1.366592531204e+003    0                    0                    0                  4.555308437347e+003    0                  4.831634229667e+002    0                  4.831634229667e+002    0                  3.221089486445e+003    0                  4.831634229667e+002    0                    0                    0                  9.718788490233e+002  2.249210637421e+003 -2.332919377138e+003    0                 -4.831634229667e+002    0                  1.941255122823e+004  2.582423592246e+003
    0                    0                    0                    0                    0                 -1.806419938803e+003    0                 -4.831634229667e+002    0                  2.249210637421e+003    0                  9.718788490233e+002  4.831634229667e+002    0                    0                    0                  2.249210637421e+003  9.718788490233e+002 -4.831634229667e+002  4.831634229667e+002    0                  2.582423592246e+003  2.582423592246e+003  9.525930700090e+003
