       273319             0             0             0        136659             0             0             0             0             0        136659             0
            0        273319             0       -136659             0             0             0             0             0       -136659             0             0
            0             0       91106.2             0             0             0             0             0             0             0             0             0
            0       -136659             0       91106.2  1.38778e-017             0             0             0             0       45553.1  6.93889e-018             0
       136659             0             0 -1.38778e-017       91106.2             0             0             0             0 -6.93889e-018       45553.1             0
            0             0             0             0             0       18064.2             0             0             0             0             0      -18064.2
            0             0             0             0             0             0             1             0             0             0             0             0
            0             0             0             0             0             0             0             1             0             0             0             0
            0             0             0             0             0             0             0             0             1             0             0             0
            0       -136659             0       45553.1 -6.93889e-018             0             0             0             0       91106.2 -1.38778e-017             0
       136659             0             0  6.93889e-018       45553.1             0             0             0             0  1.38778e-017       91106.2             0
            0             0             0             0             0      -18064.2             0             0             0             0             0       18064.2
